CUs STEP ERROR MIN AVG MAX P10 P50 P90 P95 APDEX
20 016.002 0 0.0157539844513 0.052382811378 2.33308386803 0.0174751281738 0.0274059772491 0.0615088939667 0.114883184433 0.997058823529
40 016.002 0 0.0169920921326 0.221471568546 9.75834417343 0.0284540653229 0.0896458625793 0.430428981781 0.809581041336 0.987124463519
60 016.002 0 0.0176031589508 0.299184173137 3.11193203926 0.047404050827 0.179801940918 0.558658123016 1.11579489708 0.987762237762
80 016.002 0 0.101225137711 0.572154606906 3.86167001724 0.19417309761 0.386765956879 1.12980389595 2.21657204628 0.965454545455
100 016.002 0 0.188623905182 1.05894797979 4.40772485733 0.537607908249 0.935798883438 1.60301113129 2.03135204315 0.93598615917
150 016.002 0 1.41880488396 2.27793773967 5.54519605637 1.73298501968 2.19770789146 2.790391922 3.17964696884 0.519366197183
200 016.002 0 2.41859483719 3.62569826328 6.25632691383 2.8453271389 3.46781015396 4.40861701965 5.57638406754 0.495689655172
250 016.002 2.92397660819 3.03880810738 4.87563871083 7.61187911034 3.6561319828 4.95268201828 5.91439986229 6.2059109211 0.459064327485
300 016.002 38.4615384615 5.00412607193 5.3884734924 6.18885493279 5.00424599648 5.51690912247 5.67124509811 6.18885493279 0.461538461538
